Initial Density: 2.76536
-----------------------------
VERTICES OF DENSEST COMPONENT
-----------------------------
9
10
123
147
316
445
558
598
676
845
932
934
1270
1352
1400
1605
1813
1974
2242
2277
2465
2489
2553
2565
2822
2867
2901
3044
3494
3501
3778
3892
4023
4058
4153
4167
4233
4282
4324
4408
4553
4601
4681
4981
5056
5148
-----------------
DENSEST COMPONENT
-----------------
[9] --> |1352|4233|4553|5148|2242|123|147|4408|1270|558|2867|4981|316|445|598|676|845|932|934|1400|1605|1813|1974|2277|2465|2489|2553|2565|2822|2901|3044|3494|3501|3778|3892|4023|4058|4153|4167|4282|4324|4601|4681|5056|
[10] --> |1352|4233|5148|2242|123|147|4408|1270|558|2867|4981|932|4282|4681|2901|4167|3892|676|3778|845|1605|2465|3494|5056|316|1974|4324|2822|2553|445|598|1400|1813|2277|2489|2565|3044|3501|4023|4058|4153|4601|
[123] --> |9|10|1352|4233|4553|5148|2242|147|316|445|558|598|676|845|932|934|1270|1400|1605|1813|1974|2277|2465|2489|2553|2565|2822|2867|2901|3044|3494|3501|3778|3892|4023|4058|4153|4167|4282|4324|4408|4601|4681|4981|5056|
[147] --> |9|10|123|1352|4233|4553|5148|2242|316|445|558|598|676|845|932|934|1270|1400|1605|1813|1974|2277|2465|2489|2553|2565|2822|2867|2901|3044|3494|3501|3778|3892|4023|4058|4153|4167|4282|4324|4408|4601|4681|4981|5056|
[316] --> |9|10|123|147|1352|4233|4553|5148|2242|4408|1270|558|2867|4981|932|4282|4681|2901|4167|3892|676|3778|845|1605|2465|3494|5056|445|598|934|1400|1813|1974|2277|2489|2553|2565|2822|3044|3501|4023|4058|4153|4324|4601|
[445] --> |9|10|123|147|316|1352|4233|4553|5148|2242|4408|1270|558|2867|4981|932|4282|4681|2901|4167|3892|676|3778|845|1605|2465|3494|5056|1974|4324|2822|2553|598|934|1400|1813|2277|2489|2565|3044|3501|4023|4058|4153|4601|
[558] --> |9|10|123|147|316|445|1352|4233|4553|5148|2242|4408|1270|598|676|845|932|934|1400|1605|1813|1974|2277|2465|2489|2553|2565|2822|2867|2901|3044|3494|3501|3778|3892|4023|4058|4153|4167|4282|4324|4601|4681|4981|5056|
[598] --> |9|10|123|147|316|445|558|1352|4233|4553|5148|2242|4408|1270|2867|4981|932|4282|4681|2901|4167|3892|676|3778|845|1605|2465|3494|5056|1974|4324|2822|2553|4023|934|1400|1813|2277|2489|2565|3044|3501|4058|4153|4601|
[676] --> |9|10|123|147|316|445|558|598|1352|4233|4553|5148|2242|4408|1270|2867|4981|932|4282|4681|2901|4167|3892|845|934|1400|1605|1813|1974|2277|2465|2489|2553|2565|2822|3044|3494|3501|3778|4023|4058|4153|4324|4601|5056|
[845] --> |9|10|123|147|316|445|558|598|676|1352|4233|4553|5148|2242|4408|1270|2867|4981|932|4282|4681|2901|4167|3892|3778|934|1400|1605|1813|1974|2277|2465|2489|2553|2565|2822|3044|3494|3501|4023|4058|4153|4324|4601|5056|
[932] --> |9|10|123|147|316|445|558|598|676|845|1352|4233|5148|2242|4408|1270|2867|4981|1400|1605|1813|1974|2277|2465|2489|2553|2565|2822|2901|3044|3494|3501|3778|3892|4023|4058|4153|4167|4282|4324|4601|4681|5056|
[934] --> |9|123|147|316|445|558|598|676|845|1352|4233|4553|5148|2242|4408|1270|2867|4981|4282|4681|2901|4167|3892|3778|1605|2465|3494|5056|1974|4324|2822|2553|4023|1400|1813|2277|2489|2565|3044|3501|4058|4153|4601|
[1270] --> |9|10|123|147|316|445|558|598|676|845|932|934|1352|4233|4553|5148|2242|4408|1400|1605|1813|1974|2277|2465|2489|2553|2565|2822|2867|2901|3044|3494|3501|3778|3892|4023|4058|4153|4167|4282|4324|4601|4681|4981|5056|
[1352] --> |9|10|123|147|316|445|558|598|676|845|932|934|1270|1400|1605|1813|1974|2242|2277|2465|2489|2553|2565|2822|2867|2901|3044|3494|3501|3778|3892|4023|4058|4153|4167|4233|4282|4324|4408|4553|4601|4681|4981|5056|5148|
[1400] --> |9|10|123|147|316|445|558|598|676|845|932|934|1270|1352|4233|4553|5148|2242|4408|2867|4981|4282|4681|2901|4167|3892|3778|1605|2465|3494|5056|1974|4324|2822|2553|4023|1813|2277|2489|2565|3044|3501|4058|4153|4601|
[1605] --> |9|10|123|147|316|445|558|598|676|845|932|934|1270|1352|1400|4233|4553|5148|2242|4408|2867|4981|4282|4681|2901|4167|3892|3778|1813|1974|2277|2465|2489|2553|2565|2822|3044|3494|3501|4023|4058|4153|4324|4601|5056|
[1813] --> |9|10|123|147|316|445|558|598|676|845|932|934|1270|1352|1400|1605|4233|4553|5148|2242|4408|2867|4981|4282|4681|2901|4167|3892|3778|2465|3494|5056|1974|4324|2822|2553|4023|2277|2489|2565|3044|3501|4058|4153|4601|
[1974] --> |9|10|123|147|316|445|558|598|676|845|932|934|1270|1352|1400|1605|1813|4233|4553|5148|2242|4408|2867|4981|4282|4681|2901|4167|3892|3778|2465|3494|5056|2277|2489|2553|2565|2822|3044|3501|4023|4058|4153|4324|4601|
[2242] --> |9|10|123|147|316|445|558|598|676|845|932|934|1270|1352|1400|1605|1813|1974|4233|4553|5148|2277|2465|2489|2553|2565|2822|2867|2901|3044|3494|3501|3778|3892|4023|4058|4153|4167|4282|4324|4408|4601|4681|4981|5056|
[2277] --> |9|10|123|147|316|445|558|598|676|845|932|934|1270|1352|1400|1605|1813|1974|2242|4233|4553|5148|4408|2867|4981|4282|4681|2901|4167|3892|3778|2465|3494|5056|4324|2822|2553|4023|2489|2565|3044|3501|4058|4153|4601|
[2465] --> |9|10|123|147|316|445|558|598|676|845|932|934|1270|1352|1400|1605|1813|1974|2242|2277|4233|4553|5148|4408|2867|4981|4282|4681|2901|4167|3892|3778|2489|2553|2565|2822|3044|3494|3501|4023|4058|4153|4324|4601|5056|
[2489] --> |9|10|123|147|316|445|558|598|676|845|932|934|1270|1352|1400|1605|1813|1974|2242|2277|2465|4233|4553|5148|4408|2867|4981|4282|4681|2901|4167|3892|3778|3494|5056|4324|2822|2553|4023|2565|3044|3501|4058|4153|4601|
[2553] --> |9|10|123|147|316|445|558|598|676|845|932|934|1270|1352|1400|1605|1813|1974|2242|2277|2465|2489|4233|4553|5148|4408|2867|4981|4282|4681|2901|4167|3892|3778|3494|5056|4324|2822|2565|3044|3501|4023|4058|4153|4601|
[2565] --> |9|10|123|147|316|445|558|598|676|845|932|934|1270|1352|1400|1605|1813|1974|2242|2277|2465|2489|2553|4233|4553|5148|4408|2867|4981|4282|4681|2901|4167|3892|3778|3494|5056|4324|2822|4023|3044|3501|4058|4153|4601|
[2822] --> |9|10|123|147|316|445|558|598|676|845|932|934|1270|1352|1400|1605|1813|1974|2242|2277|2465|2489|2553|2565|4233|4553|5148|4408|2867|4981|4282|4681|2901|4167|3892|3778|3494|5056|4324|3044|3501|4023|4058|4153|4601|
[2867] --> |9|10|123|147|316|445|558|598|676|845|932|934|1270|1352|1400|1605|1813|1974|2242|2277|2465|2489|2553|2565|2822|4233|4553|5148|4408|2901|3044|3494|3501|3778|3892|4023|4058|4153|4167|4282|4324|4601|4681|4981|5056|
[2901] --> |9|10|123|147|316|445|558|598|676|845|932|934|1270|1352|1400|1605|1813|1974|2242|2277|2465|2489|2553|2565|2822|2867|4233|4553|5148|4408|4981|4282|4681|3044|3494|3501|3778|3892|4023|4058|4153|4167|4324|4601|5056|
[3044] --> |9|10|123|147|316|445|558|598|676|845|932|934|1270|1352|1400|1605|1813|1974|2242|2277|2465|2489|2553|2565|2822|2867|2901|4233|4553|5148|4408|4981|4282|4681|4167|3892|3778|3494|5056|4324|4023|3501|4058|4153|4601|
[3494] --> |9|10|123|147|316|445|558|598|676|845|932|934|1270|1352|1400|1605|1813|1974|2242|2277|2465|2489|2553|2565|2822|2867|2901|3044|4233|4553|5148|4408|4981|4282|4681|4167|3892|3778|3501|4023|4058|4153|4324|4601|5056|
[3501] --> |9|10|123|147|316|445|558|598|676|845|932|934|1270|1352|1400|1605|1813|1974|2242|2277|2465|2489|2553|2565|2822|2867|2901|3044|3494|4233|4553|5148|4408|4981|4282|4681|4167|3892|3778|5056|4324|4023|4058|4153|4601|
[3778] --> |9|10|123|147|316|445|558|598|676|845|932|934|1270|1352|1400|1605|1813|1974|2242|2277|2465|2489|2553|2565|2822|2867|2901|3044|3494|3501|4233|4553|5148|4408|4981|4282|4681|4167|3892|4023|4058|4153|4324|4601|5056|
[3892] --> |9|10|123|147|316|445|558|598|676|845|932|934|1270|1352|1400|1605|1813|1974|2242|2277|2465|2489|2553|2565|2822|2867|2901|3044|3494|3501|3778|4233|4553|5148|4408|4981|4282|4681|4167|4023|4058|4153|4324|4601|5056|
[4023] --> |9|10|123|147|316|445|558|598|676|845|932|934|1270|1352|1400|1605|1813|1974|2242|2277|2465|2489|2553|2565|2822|2867|2901|3044|3494|3501|3778|3892|4233|4553|5148|4408|4981|4282|4681|4167|5056|4324|4058|4153|4601|
[4058] --> |9|10|123|147|316|445|558|598|676|845|932|934|1270|1352|1400|1605|1813|1974|2242|2277|2465|2489|2553|2565|2822|2867|2901|3044|3494|3501|3778|3892|4023|4233|4553|5148|4408|4981|4282|4681|4167|5056|4324|4153|4601|
[4153] --> |9|10|123|147|316|445|558|598|676|845|932|934|1270|1352|1400|1605|1813|1974|2242|2277|2465|2489|2553|2565|2822|2867|2901|3044|3494|3501|3778|3892|4023|4058|4233|4553|5148|4408|4981|4282|4681|4167|5056|4324|4601|
[4167] --> |9|10|123|147|316|445|558|598|676|845|932|934|1270|1352|1400|1605|1813|1974|2242|2277|2465|2489|2553|2565|2822|2867|2901|3044|3494|3501|3778|3892|4023|4058|4153|4233|4553|5148|4408|4981|4282|4681|4324|4601|5056|
[4233] --> |9|10|123|147|316|445|558|598|676|845|932|934|1270|1352|1400|1605|1813|1974|2242|2277|2465|2489|2553|2565|2822|2867|2901|3044|3494|3501|3778|3892|4023|4058|4153|4167|4282|4324|4408|4553|4601|4681|4981|5056|5148|
[4282] --> |9|10|123|147|316|445|558|598|676|845|932|934|1270|1352|1400|1605|1813|1974|2242|2277|2465|2489|2553|2565|2822|2867|2901|3044|3494|3501|3778|3892|4023|4058|4153|4167|4233|4553|5148|4408|4981|4324|4601|4681|5056|
[4324] --> |9|10|123|147|316|445|558|598|676|845|932|934|1270|1352|1400|1605|1813|1974|2242|2277|2465|2489|2553|2565|2822|2867|2901|3044|3494|3501|3778|3892|4023|4058|4153|4167|4233|4282|4553|5148|4408|4981|4681|5056|4601|
[4408] --> |9|10|123|147|316|445|558|598|676|845|932|934|1270|1352|1400|1605|1813|1974|2242|2277|2465|2489|2553|2565|2822|2867|2901|3044|3494|3501|3778|3892|4023|4058|4153|4167|4233|4282|4324|4553|5148|4601|4681|4981|5056|
[4553] --> |9|123|147|316|445|558|598|676|845|934|1270|1352|1400|1605|1813|1974|2242|2277|2465|2489|2553|2565|2822|2867|2901|3044|3494|3501|3778|3892|4023|4058|4153|4167|4233|4282|4324|4408|4601|4681|4981|5056|5148|
[4601] --> |9|10|123|147|316|445|558|598|676|845|932|934|1270|1352|1400|1605|1813|1974|2242|2277|2465|2489|2553|2565|2822|2867|2901|3044|3494|3501|3778|3892|4023|4058|4153|4167|4233|4282|4324|4408|4553|5148|4981|4681|5056|
[4681] --> |9|10|123|147|316|445|558|598|676|845|932|934|1270|1352|1400|1605|1813|1974|2242|2277|2465|2489|2553|2565|2822|2867|2901|3044|3494|3501|3778|3892|4023|4058|4153|4167|4233|4282|4324|4408|4553|4601|5148|4981|5056|
[4981] --> |9|10|123|147|316|445|558|598|676|845|932|934|1270|1352|1400|1605|1813|1974|2242|2277|2465|2489|2553|2565|2822|2867|2901|3044|3494|3501|3778|3892|4023|4058|4153|4167|4233|4282|4324|4408|4553|4601|4681|5148|5056|
[5056] --> |9|10|123|147|316|445|558|598|676|845|932|934|1270|1352|1400|1605|1813|1974|2242|2277|2465|2489|2553|2565|2822|2867|2901|3044|3494|3501|3778|3892|4023|4058|4153|4167|4233|4282|4324|4408|4553|4601|4681|4981|5148|
[5148] --> |9|10|123|147|316|445|558|598|676|845|932|934|1270|1352|1400|1605|1813|1974|2242|2277|2465|2489|2553|2565|2822|2867|2901|3044|3494|3501|3778|3892|4023|4058|4153|4167|4233|4282|4324|4408|4553|4601|4681|4981|5056|
---------------------------------------
Number of nodes in densest component: 46
Density of densest component: 22.3913
Average Elapsed time in microseconds : 6607 ms
---------------------------------------
