Initial Density: 2.63218
-----------------------------
VERTICES OF DENSEST COMPONENT
-----------------------------
63
744
862
899
939
949
1542
1676
2296
2362
2660
2777
3445
3554
3615
3789
4668
5310
5325
5403
5483
5735
6106
6583
6787
6872
6985
7111
7362
7450
7699
7950
-----------------
DENSEST COMPONENT
-----------------
[63] --> |7111|2362|6985|5483|899|6872|4668|744|862|939|949|1542|1676|2296|2660|2777|3445|3554|3615|3789|5310|5325|5403|5735|6106|6583|6787|7362|7450|7699|7950|
[744] --> |63|7111|2362|6985|5483|899|6872|4668|862|939|949|1542|1676|2296|2660|2777|3445|3554|3615|3789|5310|5325|5403|5735|6106|6583|6787|7362|7450|7699|7950|
[862] --> |63|744|7111|2362|6985|5483|899|6872|4668|939|949|1542|1676|2296|2660|2777|3445|3554|3615|3789|5310|5325|5403|5735|6106|6583|6787|7362|7450|7699|7950|
[899] --> |63|744|862|7111|2362|6985|5483|939|949|1542|1676|2296|2660|2777|3445|3554|3615|3789|4668|5310|5325|5403|5735|6106|6583|6787|6872|7362|7450|7699|7950|
[939] --> |63|744|862|899|7111|2362|6985|5483|6872|4668|949|1542|1676|2296|2660|2777|3445|3554|3615|3789|5310|5325|5403|5735|6106|6583|6787|7362|7450|7699|7950|
[949] --> |63|744|862|899|939|7111|2362|6985|5483|6872|4668|1542|1676|2296|2660|2777|3445|3554|3615|3789|5310|5325|5403|5735|6106|6583|6787|7362|7450|7699|7950|
[1542] --> |63|744|862|899|939|949|7111|2362|6985|5483|6872|4668|1676|2296|2660|2777|3445|3554|3615|3789|5310|5325|5403|5735|6106|6583|6787|7362|7450|7699|7950|
[1676] --> |63|744|862|899|939|949|1542|7111|2362|6985|5483|6872|4668|2296|2660|2777|3445|3554|3615|3789|5310|5325|5403|5735|6106|6583|6787|7362|7450|7699|7950|
[2296] --> |63|744|862|899|939|949|1542|1676|7111|2362|6985|5483|6872|4668|2660|2777|3445|3554|3615|3789|5310|5325|5403|5735|6106|6583|6787|7362|7450|7699|7950|
[2362] --> |63|744|862|899|939|949|1542|1676|2296|7111|2660|2777|3445|3554|3615|3789|4668|5310|5325|5403|5483|5735|6106|6583|6787|6872|6985|7362|7450|7699|7950|
[2660] --> |63|744|862|899|939|949|1542|1676|2296|2362|7111|6985|5483|6872|4668|2777|3445|3554|3615|3789|5310|5325|5403|5735|6106|6583|6787|7362|7450|7699|7950|
[2777] --> |63|744|862|899|939|949|1542|1676|2296|2362|2660|7111|6985|5483|6872|4668|3445|3554|3615|3789|5310|5325|5403|5735|6106|6583|6787|7362|7450|7699|7950|
[3445] --> |63|744|862|899|939|949|1542|1676|2296|2362|2660|2777|7111|6985|5483|6872|4668|3554|3615|3789|5310|5325|5403|5735|6106|6583|6787|7362|7450|7699|7950|
[3554] --> |63|744|862|899|939|949|1542|1676|2296|2362|2660|2777|3445|7111|6985|5483|6872|4668|3615|3789|5310|5325|5403|5735|6106|6583|6787|7362|7450|7699|7950|
[3615] --> |63|744|862|899|939|949|1542|1676|2296|2362|2660|2777|3445|3554|7111|6985|5483|6872|4668|3789|5310|5325|5403|5735|6106|6583|6787|7362|7450|7699|7950|
[3789] --> |63|744|862|899|939|949|1542|1676|2296|2362|2660|2777|3445|3554|3615|7111|6985|5483|6872|4668|5310|5325|5403|5735|6106|6583|6787|7362|7450|7699|7950|
[4668] --> |63|744|862|899|939|949|1542|1676|2296|2362|2660|2777|3445|3554|3615|3789|7111|6985|5483|6872|5310|5325|5403|5735|6106|6583|6787|7362|7450|7699|7950|
[5310] --> |63|744|862|899|939|949|1542|1676|2296|2362|2660|2777|3445|3554|3615|3789|4668|7111|6985|5483|6872|5325|5403|5735|6106|6583|6787|7362|7450|7699|7950|
[5325] --> |63|744|862|899|939|949|1542|1676|2296|2362|2660|2777|3445|3554|3615|3789|4668|5310|7111|6985|5483|6872|5403|5735|6106|6583|6787|7362|7450|7699|7950|
[5403] --> |63|744|862|899|939|949|1542|1676|2296|2362|2660|2777|3445|3554|3615|3789|4668|5310|5325|7111|6985|5483|6872|5735|6106|6583|6787|7362|7450|7699|7950|
[5483] --> |63|744|862|899|939|949|1542|1676|2296|2362|2660|2777|3445|3554|3615|3789|4668|5310|5325|5403|7111|6985|5735|6106|6583|6787|6872|7362|7450|7699|7950|
[5735] --> |63|744|862|899|939|949|1542|1676|2296|2362|2660|2777|3445|3554|3615|3789|4668|5310|5325|5403|5483|7111|6985|6872|6106|6583|6787|7362|7450|7699|7950|
[6106] --> |63|744|862|899|939|949|1542|1676|2296|2362|2660|2777|3445|3554|3615|3789|4668|5310|5325|5403|5483|5735|7111|6985|6872|6583|6787|7362|7450|7699|7950|
[6583] --> |63|744|862|899|939|949|1542|1676|2296|2362|2660|2777|3445|3554|3615|3789|4668|5310|5325|5403|5483|5735|6106|7111|6985|6872|6787|7362|7450|7699|7950|
[6787] --> |63|744|862|899|939|949|1542|1676|2296|2362|2660|2777|3445|3554|3615|3789|4668|5310|5325|5403|5483|5735|6106|6583|7111|6985|6872|7362|7450|7699|7950|
[6872] --> |63|744|862|899|939|949|1542|1676|2296|2362|2660|2777|3445|3554|3615|3789|4668|5310|5325|5403|5483|5735|6106|6583|6787|7111|6985|7362|7450|7699|7950|
[6985] --> |63|744|862|899|939|949|1542|1676|2296|2362|2660|2777|3445|3554|3615|3789|4668|5310|5325|5403|5483|5735|6106|6583|6787|6872|7111|7362|7450|7699|7950|
[7111] --> |63|744|862|899|939|949|1542|1676|2296|2362|2660|2777|3445|3554|3615|3789|4668|5310|5325|5403|5483|5735|6106|6583|6787|6872|6985|7362|7450|7699|7950|
[7362] --> |63|744|862|899|939|949|1542|1676|2296|2362|2660|2777|3445|3554|3615|3789|4668|5310|5325|5403|5483|5735|6106|6583|6787|6872|6985|7111|7450|7699|7950|
[7450] --> |63|744|862|899|939|949|1542|1676|2296|2362|2660|2777|3445|3554|3615|3789|4668|5310|5325|5403|5483|5735|6106|6583|6787|6872|6985|7111|7362|7699|7950|
[7699] --> |63|744|862|899|939|949|1542|1676|2296|2362|2660|2777|3445|3554|3615|3789|4668|5310|5325|5403|5483|5735|6106|6583|6787|6872|6985|7111|7362|7450|7950|
[7950] --> |63|744|862|899|939|949|1542|1676|2296|2362|2660|2777|3445|3554|3615|3789|4668|5310|5325|5403|5483|5735|6106|6583|6787|6872|6985|7111|7362|7450|7699|
---------------------------------------
Number of nodes in densest component: 32
Density of densest component: 15.5
Average Elapsed time in microseconds : 11924 ms
---------------------------------------
